TLJ-509	6	4	95
TLJ-509	6	14	88
AVY-894	6	15	98
ANF-997	6	17	86
ZVJ-638	6	20	119
AVY-894	6	23	105
ANF-997	6	26	88
DZW-809	6	26	99
QIW-685	6	26	102
TLJ-509	6	30	80
DZW-809	6	31	88
TLJ-509	6	32	87
ZVJ-638	6	33	119
GBT-583	6	35	75
GBT-583	6	36	72
QIW-685	6	37	89
ZVJ-638	6	39	114
GBT-583	6	41	65
VEP-987	6	41	107
AVY-894	6	42	114
GBT-583	6	42	72
ANF-997	6	43	86
DZW-809	6	43	76
VEP-987	6	43	107
XQE-678	6	48	122
TLJ-509	6	51	94
WBJ-706	6	51	105
ZVJ-638	6	52	122
QIW-685	6	53	101
DZW-809	6	54	85
GBT-583	6	54	72
TLJ-509	6	54	86
AVY-894	6	55	118
XBG-246	6	56	118
QIW-685	6	57	92
REY-831	6	57	84
IRE-878	21	48	72
KDU-839	21	49	62
TVL-509	21	52	91
KDU-839	21	59	67
IRE-878	22	0	83
MWO-680	22	1	78
KDU-839	22	2	62
MWO-680	22	13	82
KDU-839	22	16	67
KDU-839	22	20	63
MWO-680	22	31	75
MWO-680	22	42	87
MWO-680	22	45	84